1111111111111111111111111
1000000000000000000000001
1000000000000000000000001
1000000000000001111111111
1000000000000001000000001
1000000000000001000000001
1000000000000001000000001
1000000000000001111111111
1000000000000000000000001
1000000000000000000000001
1000000000000000000000001
1000000000000000000000001
1111111110001111111110001
1000000000001000000010001
1000000000001000000010001
1111111110001111111110001
********10001000000000001
********10001000000000001
********10001000000000001
********11011111111111111